[user2.jpg]
filters=radblur=1,0.457018,0.488562,-1.000000,-0.742690;
moddate=054bb1959d54d201
width=1280
height=853
textactive=0
